# (0) Surf. Charge, (1) Surf. Pot., (2-3) Eta Poly., (4-7) Excess Adsorption, (8) Helmholtz, (9) Grand Potential, (10) Osmotic pressure, (11) Surface Tension, (12-15) Bulk Density, (16-19) Chemical Potential, (20) s, (21) turnCount
0.00000e+00 0.00000e+00 -5.00000e-02 -5.00000e-02 1.88993e-04 1.88993e-04 6.47445e-06 6.47445e-06 -8.69739262e+01 -6.01168204e+01 1.20233633e+00 -3.74869947e-06 1.00000000e-05 1.00000000e-05 1.00000000e-01 1.00000000e-01 2.24206393e-02 2.24206393e-02 -2.68571019e+00 -2.68571019e+00 0.00000000e+00 0  
0.00000e+00 0.00000e+00 -5.00000e-02 -5.00000e-02 1.93455e-04 1.93455e-04 6.62643e-06 6.62643e-06 -8.69739263e+01 -6.01168198e+01 1.20233632e+00 -3.83650906e-06 1.02329299e-05 1.02329299e-05 1.00000000e-01 1.00000000e-01 2.26503572e-02 2.26503572e-02 -2.68571028e+00 -2.68571028e+00 1.00000000e-02 0  
0.00000e+00 0.00000e+00 -5.00000e-02 -5.00000e-02 1.98026e-04 1.98026e-04 6.78210e-06 6.78210e-06 -8.69739264e+01 -6.01168192e+01 1.20233631e+00 -3.92638745e-06 1.04712855e-05 1.04712855e-05 1.00000000e-01 1.00000000e-01 2.28800624e-02 2.28800624e-02 -2.68571037e+00 -2.68571037e+00 2.00000000e-02 0  
0.00000e+00 0.00000e+00 -5.00000e-02 -5.00000e-02 2.02703e-04 2.02703e-04 6.94136e-06 6.94137e-06 -8.69739264e+01 -6.01168186e+01 1.20233629e+00 -4.01838395e-06 1.07151931e-05 1.07151931e-05 1.00000000e-01 1.00000000e-01 2.31097548e-02 2.31097548e-02 -2.68571047e+00 -2.68571047e+00 3.00000000e-02 0  
0.00000e+00 0.00000e+00 -5.00000e-02 -5.00000e-02 2.07496e-04 2.07496e-04 7.10447e-06 7.10447e-06 -8.69739265e+01 -6.01168179e+01 1.20233628e+00 -4.11254910e-06 1.09647820e-05 1.09647820e-05 1.00000000e-01 1.00000000e-01 2.33394340e-02 2.33394340e-02 -2.68571057e+00 -2.68571057e+00 4.00000000e-02 0  
0.00000e+00 0.00000e+00 -5.00000e-02 -5.00000e-02 2.32942e-04 2.32942e-04 7.96985e-06 7.96984e-06 -8.69739268e+01 -6.01168145e+01 1.20233620e+00 -4.61208263e-06 1.22876626e-05 1.22876626e-05 1.00000000e-01 1.00000000e-01 2.44754358e-02 2.44754358e-02 -2.68571109e+00 -2.68571109e+00 9.00000000e-02 0  
0.00000e+00 0.00000e+00 -5.00000e-02 -5.00000e-02 2.61530e-04 2.61530e-04 8.94050e-06 8.94050e-06 -8.69739268e+01 -6.01168107e+01 1.20233611e+00 -5.17200666e-06 1.37681595e-05 1.37681595e-05 1.00000000e-01 1.00000000e-01 2.56096289e-02 2.56096289e-02 -2.68571168e+00 -2.68571168e+00 1.40000000e-01 0  
0.00000e+00 0.00000e+00 -5.00000e-02 -5.00000e-02 2.93651e-04 2.93651e-04 1.00292e-05 1.00292e-05 -8.69739267e+01 -6.01168064e+01 1.20233601e+00 -5.79953596e-06 1.54245061e-05 1.54245061e-05 1.00000000e-01 1.00000000e-01 2.67417740e-02 2.67417740e-02 -2.68571234e+00 -2.68571234e+00 1.90000000e-01 0  
0.00000e+00 0.00000e+00 -5.00000e-02 -5.00000e-02 3.29748e-04 3.29748e-04 1.12502e-05 1.12502e-05 -8.69739262e+01 -6.01168016e+01 1.20233590e+00 -6.50274191e-06 1.72769480e-05 1.72769480e-05 1.00000000e-01 1.00000000e-01 2.78716310e-02 2.78716310e-02 -2.68571307e+00 -2.68571307e+00 2.40000000e-01 0  
0.00000e+00 0.00000e+00 -5.00000e-02 -5.00000e-02 3.70318e-04 3.70318e-04 1.26195e-05 1.26195e-05 -8.69739253e+01 -6.01167963e+01 1.20233578e+00 -7.29063711e-06 1.93478984e-05 1.93478984e-05 1.00000000e-01 1.00000000e-01 2.89989322e-02 2.89989322e-02 -2.68571389e+00 -2.68571389e+00 2.90000000e-01 0  
0.00000e+00 0.00000e+00 -5.00000e-02 -5.00000e-02 4.15928e-04 4.15928e-04 1.41550e-05 1.41550e-05 -8.69739241e+01 -6.01167903e+01 1.20233564e+00 -8.17324268e-06 2.16620302e-05 2.16620302e-05 1.00000000e-01 1.00000000e-01 3.01233345e-02 3.01233345e-02 -2.68571481e+00 -2.68571481e+00 3.40000000e-01 0  
0.00000e+00 0.00000e+00 -5.00000e-02 -5.00000e-02 4.67218e-04 4.67218e-04 1.58769e-05 1.58769e-05 -8.69739222e+01 -6.01167836e+01 1.20233549e+00 -9.16180397e-06 2.42467369e-05 2.42467369e-05 1.00000000e-01 1.00000000e-01 3.12445486e-02 3.12445486e-02 -2.68571583e+00 -2.68571583e+00 3.90000000e-01 0  
0.00000e+00 0.00000e+00 -5.00000e-02 -5.00000e-02 5.24915e-04 5.24915e-04 1.78077e-05 1.78077e-05 -8.69739197e+01 -6.01167762e+01 1.20233532e+00 -1.02688271e-05 2.71320944e-05 2.71320944e-05 1.00000000e-01 1.00000000e-01 3.23622079e-02 3.23622079e-02 -2.68571697e+00 -2.68571697e+00 4.40000000e-01 0  
0.00000e+00 0.00000e+00 -5.00000e-02 -5.00000e-02 5.89840e-04 5.89840e-04 1.99728e-05 1.99728e-05 -8.69739165e+01 -6.01167679e+01 1.20233513e+00 -1.15082450e-05 3.03511305e-05 3.03511305e-05 1.00000000e-01 1.00000000e-01 3.34759056e-02 3.34759056e-02 -2.68571824e+00 -2.68571824e+00 4.90000000e-01 0  
0.00000e+00 0.00000e+00 -5.00000e-02 -5.00000e-02 6.62927e-04 6.62927e-04 2.24002e-05 2.24002e-05 -8.69739123e+01 -6.01167587e+01 1.20233492e+00 -1.28955711e-05 3.39400176e-05 3.39400176e-05 1.00000000e-01 1.00000000e-01 3.45851921e-02 3.45851921e-02 -2.68571966e+00 -2.68571966e+00 5.40000000e-01 0  
0.00000e+00 0.00000e+00 -5.00000e-02 -5.00000e-02 7.45240e-04 7.45240e-04 2.51218e-05 2.51218e-05 -8.69739071e+01 -6.01167484e+01 1.20233468e+00 -1.44480641e-05 3.79382433e-05 3.79382433e-05 1.00000000e-01 1.00000000e-01 3.56895693e-02 3.56895693e-02 -2.68572124e+00 -2.68572124e+00 5.90000000e-01 0  
0.00000e+00 0.00000e+00 -5.00000e-02 -5.00000e-02 8.37997e-04 8.37997e-04 2.81732e-05 2.81732e-05 -8.69739006e+01 -6.01167370e+01 1.20233442e+00 -1.61849124e-05 4.23887670e-05 4.23887670e-05 1.00000000e-01 1.00000000e-01 3.67884878e-02 3.67884878e-02 -2.68572300e+00 -2.68572300e+00 6.40000000e-01 0  
0.00000e+00 0.00000e+00 -5.00000e-02 -5.00000e-02 9.42585e-04 9.42585e-04 3.15942e-05 3.15942e-05 -8.69738927e+01 -6.01167243e+01 1.20233412e+00 -1.81274310e-05 4.73381251e-05 4.73381251e-05 1.00000000e-01 1.00000000e-01 3.78813404e-02 3.78813404e-02 -2.68572495e+00 -2.68572495e+00 6.90000000e-01 0  
0.00000e+00 0.00000e+00 -5.00000e-02 -5.00000e-02 1.06060e-03 1.06060e-03 3.54296e-05 3.54296e-05 -8.69738831e+01 -6.01167103e+01 1.20233380e+00 -2.02992792e-05 5.28364929e-05 5.28364929e-05 1.00000000e-01 1.00000000e-01 3.89674577e-02 3.89674577e-02 -2.68572711e+00 -2.68572711e+00 7.40000000e-01 0  
0.00000e+00 0.00000e+00 -5.00000e-02 -5.00000e-02 1.19388e-03 1.19388e-03 3.97298e-05 3.97295e-05 -8.69738716e+01 -6.01166947e+01 1.20233344e+00 -2.27266954e-05 5.89376639e-05 5.89376639e-05 1.00000000e-01 1.00000000e-01 4.00461023e-02 4.00461023e-02 -2.68572951e+00 -2.68572951e+00 7.90000000e-01 0  
1.07473e-10 0.00000e+00 -5.00000e-02 -5.00000e-02 1.34454e-03 1.34454e-03 4.45511e-05 4.45506e-05 -8.69738578e+01 -6.01166775e+01 1.20233304e+00 -2.54387525e-05 6.56989267e-05 6.56989267e-05 1.00000000e-01 1.00000000e-01 4.11164611e-02 4.11164611e-02 -2.68573217e+00 -2.68573217e+00 8.40000000e-01 0  
0.00000e+00 0.00000e+00 -5.00000e-02 -5.00000e-02 1.51504e-03 1.51504e-03 4.99566e-05 4.99567e-05 -8.69738414e+01 -6.01166585e+01 1.20233260e+00 -2.84676334e-05 7.31808025e-05 7.31808025e-05 1.00000000e-01 1.00000000e-01 4.21776380e-02 4.21776380e-02 -2.68573511e+00 -2.68573511e+00 8.90000000e-01 0  
0.00000e+00 0.00000e+00 -5.00000e-02 -5.00000e-02 1.70827e-03 1.70827e-03 5.60190e-05 5.60190e-05 -8.69738222e+01 -6.01166376e+01 1.20233211e+00 -3.18489280e-05 8.14465990e-05 8.14465990e-05 1.00000000e-01 1.00000000e-01 4.32286440e-02 4.32286440e-02 -2.68573835e+00 -2.68573835e+00 9.40000000e-01 0  
0.00000e+00 0.00000e+00 -5.00000e-02 -5.00000e-02 1.92760e-03 1.92760e-03 6.28188e-05 6.28188e-05 -8.69737996e+01 -6.01166146e+01 1.20233158e+00 -3.56219472e-05 9.05617104e-05 9.05617104e-05 1.00000000e-01 1.00000000e-01 4.42683849e-02 4.42683849e-02 -2.68574192e+00 -2.68574192e+00 9.90000000e-01 0  
0.00000e+00 0.00000e+00 -5.00000e-02 -5.00000e-02 2.17702e-03 2.17702e-03 7.04474e-05 7.04474e-05 -8.69737733e+01 -6.01165894e+01 1.20233099e+00 -3.98300492e-05 1.00592586e-04 1.00592586e-04 1.00000000e-01 1.00000000e-01 4.52956458e-02 4.52956458e-02 -2.68574585e+00 -2.68574585e+00 1.04000000e+00 0  
0.00000e+00 0.00000e+00 -5.00000e-02 -5.00000e-02 2.46130e-03 2.46130e-03 7.90093e-05 7.90093e-05 -8.69737428e+01 -6.01165618e+01 1.20233035e+00 -4.45209663e-05 1.11605247e-04 1.11605247e-04 1.00000000e-01 1.00000000e-01 4.63090694e-02 4.63090694e-02 -2.68575015e+00 -2.68575015e+00 1.09000000e+00 0  
0.00000e+00 0.00000e+00 -5.00000e-02 -5.00000e-02 2.78618e-03 2.78618e-03 8.86224e-05 8.86224e-05 -8.69737076e+01 -6.01165318e+01 1.20232964e+00 -4.97470995e-05 1.23663165e-04 1.23663165e-04 1.00000000e-01 1.00000000e-01 4.73071261e-02 4.73071261e-02 -2.68575484e+00 -2.68575484e+00 1.14000000e+00 0  
0.00000e+00 0.00000e+00 -5.00000e-02 -5.00000e-02 3.15865e-03 3.15865e-03 9.94227e-05 9.94227e-05 -8.69736671e+01 -6.01164992e+01 1.20232887e+00 -5.55657176e-05 1.36824243e-04 1.36824243e-04 1.00000000e-01 1.00000000e-01 4.82880702e-02 4.82880702e-02 -2.68575996e+00 -2.68575996e+00 1.19000000e+00 0  
0.00000e+00 0.00000e+00 -5.00000e-02 -5.00000e-02 3.58730e-03 3.58730e-03 1.11565e-04 1.11565e-04 -8.69736207e+01 -6.01164639e+01 1.20232804e+00 -6.20389515e-05 1.51136504e-04 1.51136504e-04 1.00000000e-01 1.00000000e-01 4.92498756e-02 4.92498756e-02 -2.68576552e+00 -2.68576552e+00 1.24000000e+00 0  
0.00000e+00 0.00000e+00 -5.00000e-02 -5.00000e-02 4.08293e-03 4.08293e-03 1.25227e-04 1.25227e-04 -8.69735677e+01 -6.01164261e+01 1.20232714e+00 -6.92333150e-05 1.66631764e-04 1.66631764e-04 1.00000000e-01 1.00000000e-01 5.01901356e-02 5.01901356e-02 -2.68577151e+00 -2.68577151e+00 1.29000000e+00 0  
0.00000e+00 0.00000e+00 -5.00000e-02 -5.00000e-02 4.56696e-03 4.56696e-03 1.38187e-04 1.38187e-04 -8.69735170e+01 -6.01163919e+01 1.20232632e+00 -7.59668760e-05 1.80737476e-04 1.80737476e-04 1.00000000e-01 1.00000000e-01 5.09701837e-02 5.09701837e-02 -2.68577696e+00 -2.68577696e+00 1.33250000e+00 0  
0.00000e+00 0.00000e+00 -5.00000e-02 -5.00000e-02 5.11982e-03 5.11982e-03 1.52535e-04 1.52535e-04 -8.69734605e+01 -6.01163559e+01 1.20232545e+00 -8.33140142e-05 1.95684492e-04 1.95684492e-04 1.00000000e-01 1.00000000e-01 5.17302978e-02 5.17302978e-02 -2.68578272e+00 -2.68578272e+00 1.37500000e+00 0  
0.00000e+00 0.00000e+00 -5.00000e-02 -5.00000e-02 5.75491e-03 5.75491e-03 1.68429e-04 1.68429e-04 -8.69733977e+01 -6.01163185e+01 1.20232454e+00 -9.13140025e-05 2.11424183e-04 2.11424183e-04 1.00000000e-01 1.00000000e-01 5.24676526e-02 5.24676526e-02 -2.68578877e+00 -2.68578877e+00 1.41750000e+00 0  
0.00000e+00 0.00000e+00 -5.00000e-02 -5.00000e-02 6.37201e-03 6.37201e-03 1.83280e-04 1.83280e-04 -8.69733388e+01 -6.01162856e+01 1.20232374e+00 -9.86492800e-05 2.25356195e-04 2.25356195e-04 1.00000000e-01 1.00000000e-01 5.30737203e-02 5.30737203e-02 -2.68579411e+00 -2.68579411e+00 1.45362500e+00 0  
0.00000e+00 0.00000e+00 -5.00000e-02 -5.00000e-02 6.96272e-03 6.96272e-03 1.96957e-04 1.96957e-04 -8.69732844e+01 -6.01162572e+01 1.20232304e+00 -1.05277147e-04 2.37524665e-04 2.37524665e-04 1.00000000e-01 1.00000000e-01 5.35715983e-02 5.35715983e-02 -2.68579876e+00 -2.68579876e+00 1.48433125e+00 0  
0.00000e+00 0.00000e+00 -5.00000e-02 -5.00000e-02 7.62485e-03 7.62485e-03 2.11668e-04 2.11668e-04 -8.69732256e+01 -6.01162286e+01 1.20232233e+00 -1.12259968e-04 2.49903408e-04 2.49903408e-04 1.00000000e-01 1.00000000e-01 5.40511427e-02 5.40511427e-02 -2.68580349e+00 -2.68580349e+00 1.51503750e+00 0  
0.00000e+00 0.00000e+00 -5.00000e-02 -5.00000e-02 8.37060e-03 8.37060e-03 2.27462e-04 2.27462e-04 -8.69731618e+01 -6.01162002e+01 1.20232161e+00 -1.19573895e-04 2.62369954e-04 2.62369954e-04 1.00000000e-01 1.00000000e-01 5.45092790e-02 5.45092790e-02 -2.68580824e+00 -2.68580824e+00 1.54574375e+00 0  
0.00000e+00 0.00000e+00 -5.00000e-02 -5.00000e-02 9.21468e-03 9.21468e-03 2.44361e-04 2.44361e-04 -8.69730925e+01 -6.01161723e+01 1.20232090e+00 -1.27166678e-04 2.74752434e-04 2.74752434e-04 1.00000000e-01 1.00000000e-01 5.49419602e-02 5.49419602e-02 -2.68581295e+00 -2.68581295e+00 1.57645000e+00 0  
0.00000e+00 0.00000e+00 -5.00000e-02 -5.00000e-02 1.00222e-02 1.00222e-02 2.59562e-04 2.59562e-04 -8.69730285e+01 -6.01161495e+01 1.20232031e+00 -1.33766536e-04 2.85032785e-04 2.85032785e-04 1.00000000e-01 1.00000000e-01 5.52856727e-02 5.52856727e-02 -2.68581685e+00 -2.68581685e+00 1.60255031e+00 0  
0.00000e+00 0.00000e+00 -5.00000e-02 -5.00000e-02 1.07830e-02 1.07830e-02 2.73026e-04 2.73026e-04 -8.69729700e+01 -6.01161311e+01 1.20231983e+00 -1.39404617e-04 2.93441531e-04 2.93441531e-04 1.00000000e-01 1.00000000e-01 5.55570974e-02 5.55570974e-02 -2.68582003e+00 -2.68582003e+00 1.62473558e+00 0  
0.00000e+00 0.00000e+00 -5.00000e-02 -5.00000e-02 1.14894e-02 1.14894e-02 2.84786e-04 2.84786e-04 -8.69729167e+01 -6.01161165e+01 1.20231945e+00 -1.44146851e-04 3.00233184e-04 3.00233184e-04 1.00000000e-01 1.00000000e-01 5.57703098e-02 5.57703098e-02 -2.68582260e+00 -2.68582260e+00 1.64359305e+00 0  
0.00000e+00 0.00000e+00 -5.00000e-02 -5.00000e-02 1.21366e-02 1.21366e-02 2.94936e-04 2.94936e-04 -8.69728687e+01 -6.01161050e+01 1.20231914e+00 -1.48082631e-04 3.05663467e-04 3.05663467e-04 1.00000000e-01 1.00000000e-01 5.59370939e-02 5.59370939e-02 -2.68582466e+00 -2.68582466e+00 1.65962191e+00 0  
0.00000e+00 0.00000e+00 -5.00000e-02 -5.00000e-02 1.28294e-02 1.28294e-02 3.05141e-04 3.05141e-04 -8.69728177e+01 -6.01160944e+01 1.20231885e+00 -1.51870152e-04 3.10700869e-04 3.10700869e-04 1.00000000e-01 1.00000000e-01 5.60889886e-02 5.60889886e-02 -2.68582656e+00 -2.68582656e+00 1.67565076e+00 0  
0.00000e+00 0.00000e+00 -5.00000e-02 -5.00000e-02 1.35698e-02 1.35698e-02 3.15292e-04 3.15292e-04 -8.69727635e+01 -6.01160850e+01 1.20231859e+00 -1.55438939e-04 3.15265273e-04 3.15265273e-04 1.00000000e-01 1.00000000e-01 5.62243502e-02 5.62243502e-02 -2.68582828e+00 -2.68582828e+00 1.69167962e+00 0  
0.00000e+00 0.00000e+00 -5.00000e-02 -5.00000e-02 1.42370e-02 1.42370e-02 3.23771e-04 3.23771e-04 -8.69727147e+01 -6.01160780e+01 1.20231839e+00 -1.58238812e-04 3.18711156e-04 3.18711156e-04 1.00000000e-01 1.00000000e-01 5.63251502e-02 5.63251502e-02 -2.68582958e+00 -2.68582958e+00 1.70530414e+00 0  
0.00000e+00 0.00000e+00 -5.00000e-02 -5.00000e-02 1.48315e-02 1.48315e-02 3.30793e-04 3.30793e-04 -8.69726709e+01 -6.01160728e+01 1.20231825e+00 -1.60405990e-04 3.21288231e-04 3.21288231e-04 1.00000000e-01 1.00000000e-01 5.63997708e-02 5.63997708e-02 -2.68583055e+00 -2.68583055e+00 1.71688499e+00 0  
0.00000e+00 0.00000e+00 -5.00000e-02 -5.00000e-02 1.53647e-02 1.53647e-02 3.36662e-04 3.36662e-04 -8.69726314e+01 -6.01160690e+01 1.20231814e+00 -1.62090820e-04 3.23231276e-04 3.23231276e-04 1.00000000e-01 1.00000000e-01 5.64556071e-02 5.64556071e-02 -2.68583129e+00 -2.68583129e+00 1.72688499e+00 0  
0.00000e+00 0.00000e+00 -5.00000e-02 -5.00000e-02 1.59157e-02 1.59157e-02 3.42302e-04 3.42302e-04 -8.69725901e+01 -6.01160657e+01 1.20231804e+00 -1.63578192e-04 3.24897125e-04 3.24897125e-04 1.00000000e-01 1.00000000e-01 5.65031901e-02 5.65031901e-02 -2.68583191e+00 -2.68583191e+00 1.73688499e+00 0  
0.00000e+00 0.00000e+00 -5.00000e-02 -5.00000e-02 1.64839e-02 1.64839e-02 3.47663e-04 3.47663e-04 -8.69725469e+01 -6.01160631e+01 1.20231797e+00 -1.64844865e-04 3.26273694e-04 3.26273694e-04 1.00000000e-01 1.00000000e-01 5.65423119e-02 5.65423119e-02 -2.68583243e+00 -2.68583243e+00 1.74688499e+00 0  
0.00000e+00 0.00000e+00 -5.00000e-02 -5.00000e-02 1.70681e-02 1.70681e-02 3.52694e-04 3.52694e-04 -8.69725018e+01 -6.01160611e+01 1.20231790e+00 -1.65868614e-04 3.27352380e-04 3.27352380e-04 1.00000000e-01 1.00000000e-01 5.65728436e-02 5.65728436e-02 -2.68583284e+00 -2.68583284e+00 1.75688499e+00 0  
0.00000e+00 0.00000e+00 -5.00000e-02 -5.00000e-02 1.76673e-02 1.76673e-02 3.57346e-04 3.57346e-04 -8.69724547e+01 -6.01160596e+01 1.20231786e+00 -1.66628884e-04 3.28128474e-04 3.28128474e-04 1.00000000e-01 1.00000000e-01 5.65947433e-02 5.65947433e-02 -2.68583313e+00 -2.68583313e+00 1.76688499e+00 0  
0.00000e+00 0.00000e+00 -5.00000e-02 -5.00000e-02 1.82802e-02 1.82802e-02 3.61571e-04 3.61571e-04 -8.69724054e+01 -6.01160587e+01 1.20231783e+00 -1.67107394e-04 3.28601372e-04 3.28601372e-04 1.00000000e-01 1.00000000e-01 5.66080601e-02 5.66080601e-02 -2.68583331e+00 -2.68583331e+00 1.77688499e+00 0  
0.00000e+00 0.00000e+00 -5.00000e-02 -5.00000e-02 1.89052e-02 1.89052e-02 3.65324e-04 3.65324e-04 -8.69723539e+01 -6.01160584e+01 1.20231782e+00 -1.67288541e-04 3.28774501e-04 3.28774501e-04 1.00000000e-01 1.00000000e-01 5.66129302e-02 5.66129302e-02 -2.68583337e+00 -2.68583337e+00 1.78688499e+00 0  
0.00000e+00 0.00000e+00 -5.00000e-02 -5.00000e-02 1.95412e-02 1.95412e-02 3.68564e-04 3.68564e-04 -8.69723001e+01 -6.01160586e+01 1.20231783e+00 -1.67159632e-04 3.28655018e-04 3.28655018e-04 1.00000000e-01 1.00000000e-01 5.66095695e-02 5.66095695e-02 -2.68583333e+00 -2.68583333e+00 1.79688499e+00 1  
0.00000e+00 0.00000e+00 -5.00000e-02 -5.00000e-02 2.01866e-02 2.01866e-02 3.71256e-04 3.71256e-04 -8.69722438e+01 -6.01160593e+01 1.20231785e+00 -1.66711108e-04 3.28253487e-04 3.28253487e-04 1.00000000e-01 1.00000000e-01 5.65982657e-02 5.65982657e-02 -2.68583318e+00 -2.68583318e+00 1.80688499e+00 1  
0.00000e+00 0.00000e+00 -5.00000e-02 -5.00000e-02 2.08731e-02 2.08731e-02 3.73457e-04 3.73457e-04 -8.69721821e+01 -6.01160605e+01 1.20231789e+00 -1.65888917e-04 3.27542831e-04 3.27542831e-04 1.00000000e-01 1.00000000e-01 5.65782229e-02 5.65782229e-02 -2.68583291e+00 -2.68583291e+00 1.81738499e+00 1  
0.00000e+00 0.00000e+00 -5.00000e-02 -5.00000e-02 2.16022e-02 2.16022e-02 3.75047e-04 3.75047e-04 -8.69721142e+01 -6.01160623e+01 1.20231795e+00 -1.64633648e-04 3.26497172e-04 3.26497172e-04 1.00000000e-01 1.00000000e-01 5.65486463e-02 5.65486463e-02 -2.68583252e+00 -2.68583252e+00 1.82840999e+00 1  
0.00000e+00 0.00000e+00 -5.00000e-02 -5.00000e-02 2.23752e-02 2.23752e-02 3.75890e-04 3.75890e-04 -8.69720394e+01 -6.01160645e+01 1.20231803e+00 -1.62881593e-04 3.25093336e-04 3.25093336e-04 1.00000000e-01 1.00000000e-01 5.65087773e-02 5.65087773e-02 -2.68583199e+00 -2.68583199e+00 1.83998624e+00 1  
0.00000e+00 0.00000e+00 -5.00000e-02 -5.00000e-02 2.31937e-02 2.31937e-02 3.75836e-04 3.75836e-04 -8.69719568e+01 -6.01160672e+01 1.20231813e+00 -1.60565352e-04 3.23311802e-04 3.23311802e-04 1.00000000e-01 1.00000000e-01 5.64579133e-02 5.64579133e-02 -2.68583132e+00 -2.68583132e+00 1.85214130e+00 1  
0.00000e+00 0.00000e+00 -5.00000e-02 -5.00000e-02 2.40591e-02 2.40591e-02 3.74718e-04 3.74718e-04 -8.69718656e+01 -6.01160705e+01 1.20231826e+00 -1.57613439e-04 3.21136748e-04 3.21136748e-04 1.00000000e-01 1.00000000e-01 5.63954024e-02 5.63954024e-02 -2.68583050e+00 -2.68583050e+00 1.86490412e+00 1  
0.00000e+00 0.00000e+00 -5.00000e-02 -5.00000e-02 2.49733e-02 2.49733e-02 3.72351e-04 3.72351e-04 -8.69717645e+01 -6.01160741e+01 1.20231840e+00 -1.53950676e-04 3.18556646e-04 3.18556646e-04 1.00000000e-01 1.00000000e-01 5.63206557e-02 5.63206557e-02 -2.68582952e+00 -2.68582952e+00 1.87830508e+00 1  
0.00000e+00 0.00000e+00 -5.00000e-02 -5.00000e-02 2.59382e-02 2.59382e-02 3.68533e-04 3.68533e-04 -8.69716524e+01 -6.01160782e+01 1.20231857e+00 -1.49497664e-04 3.15564091e-04 3.15564091e-04 1.00000000e-01 1.00000000e-01 5.62331382e-02 5.62331382e-02 -2.68582840e+00 -2.68582840e+00 1.89237608e+00 1  
0.00000e+00 0.00000e+00 -5.00000e-02 -5.00000e-02 2.69560e-02 2.69560e-02 3.63035e-04 3.63035e-04 -8.69715279e+01 -6.01160826e+01 1.20231877e+00 -1.44170915e-04 3.12156074e-04 3.12156074e-04 1.00000000e-01 1.00000000e-01 5.61323752e-02 5.61323752e-02 -2.68582711e+00 -2.68582711e+00 1.90715063e+00 1  
0.00000e+00 0.00000e+00 -5.00000e-02 -5.00000e-02 2.80295e-02 2.80295e-02 3.55606e-04 3.55606e-04 -8.69713892e+01 -6.01160872e+01 1.20231899e+00 -1.37882301e-04 3.08333738e-04 3.08333738e-04 1.00000000e-01 1.00000000e-01 5.60179440e-02 5.60179440e-02 -2.68582567e+00 -2.68582567e+00 1.92266392e+00 1  
0.00000e+00 0.00000e+00 -5.00000e-02 -5.00000e-02 2.91618e-02 2.91618e-02 3.45958e-04 3.45958e-04 -8.69712346e+01 -6.01160919e+01 1.20231923e+00 -1.30538575e-04 3.04102206e-04 3.04102206e-04 1.00000000e-01 1.00000000e-01 5.58894697e-02 5.58894697e-02 -2.68582407e+00 -2.68582407e+00 1.93895286e+00 1  
0.00000e+00 0.00000e+00 -5.00000e-02 -5.00000e-02 3.03566e-02 3.03566e-02 3.33769e-04 3.33769e-04 -8.69710619e+01 -6.01160966e+01 1.20231949e+00 -1.22041266e-04 2.99470610e-04 2.99470610e-04 1.00000000e-01 1.00000000e-01 5.57466293e-02 5.57466293e-02 -2.68582232e+00 -2.68582232e+00 1.95605626e+00 1  
0.00000e+00 0.00000e+00 -5.00000e-02 -5.00000e-02 3.16184e-02 3.16184e-02 3.18670e-04 3.18670e-04 -8.69708685e+01 -6.01161011e+01 1.20231978e+00 -1.12285955e-04 2.94451776e-04 2.94451776e-04 1.00000000e-01 1.00000000e-01 5.55891453e-02 5.55891453e-02 -2.68582042e+00 -2.68582042e+00 1.97401482e+00 1  
0.00000e+00 0.00000e+00 -5.00000e-02 -5.00000e-02 3.29142e-02 3.29142e-02 3.00803e-04 3.00803e-04 -8.69706581e+01 -6.01161053e+01 1.20232008e+00 -1.01492533e-04 2.89217633e-04 2.89217633e-04 1.00000000e-01 1.00000000e-01 5.54218106e-02 5.54218106e-02 -2.68581843e+00 -2.68581843e+00 1.99233255e+00 1  
0.00000e+00 0.00000e+00 -5.00000e-02 -5.00000e-02 3.42464e-02 3.42464e-02 2.79960e-04 2.79960e-04 -8.69704289e+01 -6.01161089e+01 1.20232039e+00 -8.96438129e-05 2.83804417e-04 2.83804417e-04 1.00000000e-01 1.00000000e-01 5.52453063e-02 5.52453063e-02 -2.68581638e+00 -2.68581638e+00 2.01101664e+00 1  
0.00000e+00 0.00000e+00 -5.00000e-02 -5.00000e-02 3.56179e-02 3.56179e-02 2.55912e-04 2.55912e-04 -8.69701795e+01 -6.01161119e+01 1.20232070e+00 -7.67238269e-05 2.78246392e-04 2.78246392e-04 1.00000000e-01 1.00000000e-01 5.50602955e-02 5.50602955e-02 -2.68581427e+00 -2.68581427e+00 2.03007441e+00 1  
0.00000e+00 0.00000e+00 -5.00000e-02 -5.00000e-02 3.70319e-02 3.70319e-02 2.28402e-04 2.28402e-04 -8.69699078e+01 -6.01161141e+01 1.20232103e+00 -6.27185657e-05 2.72576123e-04 2.72576123e-04 1.00000000e-01 1.00000000e-01 5.48674374e-02 5.48674374e-02 -2.68581212e+00 -2.68581212e+00 2.04951334e+00 1  
0.00000e+00 0.00000e+00 -5.00000e-02 -5.00000e-02 3.84922e-02 3.84922e-02 1.97142e-04 1.97142e-04 -8.69696118e+01 -6.01161155e+01 1.20232136e+00 -4.76170323e-05 2.66824785e-04 2.66824785e-04 1.00000000e-01 1.00000000e-01 5.46674023e-02 5.46674023e-02 -2.68580993e+00 -2.68580993e+00 2.06934105e+00 1  
0.00000e+00 0.00000e+00 -5.00000e-02 -5.00000e-02 4.00029e-02 4.00028e-02 1.61809e-04 1.61809e-04 -8.69692893e+01 -6.01161159e+01 1.20232169e+00 -3.14126092e-05 2.61022479e-04 2.61022479e-04 1.00000000e-01 1.00000000e-01 5.44608876e-02 5.44608876e-02 -2.68580773e+00 -2.68580773e+00 2.08956530e+00 1  
0.00000e+00 0.00000e+00 -5.00000e-02 -5.00000e-02 4.15377e-02 4.15377e-02 1.22855e-04 1.22855e-04 -8.69689447e+01 -6.01161153e+01 1.20232202e+00 -1.44513329e-05 2.55311662e-04 2.55311662e-04 1.00000000e-01 1.00000000e-01 5.42528068e-02 5.42528068e-02 -2.68580555e+00 -2.68580555e+00 2.10978956e+00 1  
0.00000e+00 0.00000e+00 -5.00000e-02 -5.00000e-02 4.30994e-02 4.30994e-02 8.01255e-05 8.01255e-05 -8.69685768e+01 -6.01161137e+01 1.20232234e+00 3.21074185e-06 2.49715757e-04 2.49715757e-04 1.00000000e-01 1.00000000e-01 5.40440627e-02 5.40440627e-02 -2.68580342e+00 -2.68580342e+00 2.13001382e+00 1  
0.00000e+00 0.00000e+00 -5.00000e-02 -5.00000e-02 4.46910e-02 4.46910e-02 3.34470e-05 3.34470e-05 -8.69681842e+01 -6.01161111e+01 1.20232265e+00 2.15121801e-05 2.44255432e-04 2.44255432e-04 1.00000000e-01 1.00000000e-01 5.38355386e-02 5.38355386e-02 -2.68580133e+00 -2.68580133e+00 2.15023808e+00 1  
0.00000e+00 0.00000e+00 -5.00000e-02 -5.00000e-02 4.63155e-02 4.63155e-02 -1.73697e-05 -1.73697e-05 -8.69677657e+01 -6.01161075e+01 1.20232296e+00 4.03851895e-05 2.38949061e-04 2.38949061e-04 1.00000000e-01 1.00000000e-01 5.36281091e-02 5.36281091e-02 -2.68579931e+00 -2.68579931e+00 2.17046234e+00 1  
0.00000e+00 0.00000e+00 -5.00000e-02 -5.00000e-02 4.79760e-02 4.79760e-02 -7.25316e-05 -7.25317e-05 -8.69673197e+01 -6.01161029e+01 1.20232325e+00 5.97536761e-05 2.33813363e-04 2.33813363e-04 1.00000000e-01 1.00000000e-01 5.34226584e-02 5.34226584e-02 -2.68579734e+00 -2.68579734e+00 2.19068660e+00 1  
0.00000e+00 0.00000e+00 -5.00000e-02 -5.00000e-02 4.96757e-02 4.96757e-02 -1.32262e-04 -1.32262e-04 -8.69668445e+01 -6.01160973e+01 1.20232354e+00 7.95314556e-05 2.28863848e-04 2.28863848e-04 1.00000000e-01 1.00000000e-01 5.32200941e-02 5.32200941e-02 -2.68579545e+00 -2.68579545e+00 2.21091086e+00 1  
0.00000e+00 0.00000e+00 -5.00000e-02 -5.00000e-02 5.14177e-02 5.14177e-02 -1.96801e-04 -1.96801e-04 -8.69663385e+01 -6.01160909e+01 1.20232381e+00 9.96207099e-05 2.24115115e-04 2.24115115e-04 1.00000000e-01 1.00000000e-01 5.30213542e-02 5.30213542e-02 -2.68579363e+00 -2.68579363e+00 2.23113512e+00 1  
0.00000e+00 0.00000e+00 -5.00000e-02 -5.00000e-02 5.32055e-02 5.32055e-02 -2.66400e-04 -2.66400e-04 -8.69658000e+01 -6.01160837e+01 1.20232407e+00 1.19909892e-04 2.19581206e-04 2.19581206e-04 1.00000000e-01 1.00000000e-01 5.28274189e-02 5.28274189e-02 -2.68579190e+00 -2.68579190e+00 2.25135938e+00 1  
0.00000e+00 0.00000e+00 -5.00000e-02 -5.00000e-02 5.50421e-02 5.50421e-02 -3.41326e-04 -3.41326e-04 -8.69652272e+01 -6.01160758e+01 1.20232432e+00 1.40271301e-04 2.15275951e-04 2.15275951e-04 1.00000000e-01 1.00000000e-01 5.26393214e-02 5.26393214e-02 -2.68579025e+00 -2.68579025e+00 2.27158364e+00 1  
0.00000e+00 0.00000e+00 -5.00000e-02 -5.00000e-02 5.69310e-02 5.69310e-02 -4.21851e-04 -4.21851e-04 -8.69646181e+01 -6.01160672e+01 1.20232456e+00 1.60559255e-04 2.11213119e-04 2.11213119e-04 1.00000000e-01 1.00000000e-01 5.24581509e-02 5.24581509e-02 -2.68578869e+00 -2.68578869e+00 2.29180789e+00 1  
0.00000e+00 0.00000e+00 -5.00000e-02 -5.00000e-02 5.88750e-02 5.88750e-02 -5.08250e-04 -5.08250e-04 -8.69639710e+01 -6.01160581e+01 1.20232477e+00 1.80608000e-04 2.07406602e-04 2.07406602e-04 1.00000000e-01 1.00000000e-01 5.22850561e-02 5.22850561e-02 -2.68578723e+00 -2.68578723e+00 2.31203215e+00 1  
0.00000e+00 0.00000e+00 -5.00000e-02 -5.00000e-02 6.08770e-02 6.08770e-02 -6.00793e-04 -6.00793e-04 -8.69632840e+01 -6.01160487e+01 1.20232498e+00 2.00230046e-04 2.03870499e-04 2.03870499e-04 1.00000000e-01 1.00000000e-01 5.21212433e-02 5.21212433e-02 -2.68578587e+00 -2.68578587e+00 2.33225641e+00 1  
0.00000e+00 0.00000e+00 -5.00000e-02 -5.00000e-02 6.29394e-02 6.29394e-02 -6.99734e-04 -6.99734e-04 -8.69625555e+01 -6.01160391e+01 1.20232517e+00 2.19214908e-04 2.00619154e-04 2.00619154e-04 1.00000000e-01 1.00000000e-01 5.19679704e-02 5.19679704e-02 -2.68578462e+00 -2.68578462e+00 2.35248067e+00 1  
0.00000e+00 0.00000e+00 -5.00000e-02 -5.00000e-02 6.50642e-02 6.50642e-02 -8.05304e-04 -8.05304e-04 -8.69617840e+01 -6.01160296e+01 1.20232534e+00 2.37328591e-04 1.97667107e-04 1.97667107e-04 1.00000000e-01 1.00000000e-01 5.18265347e-02 5.18265347e-02 -2.68578348e+00 -2.68578348e+00 2.37270493e+00 1  
0.00000e+00 0.00000e+00 -5.00000e-02 -5.00000e-02 6.72525e-02 6.72525e-02 -9.17689e-04 -9.17689e-04 -8.69609682e+01 -6.01160202e+01 1.20232549e+00 2.54315087e-04 1.95028825e-04 1.95028825e-04 1.00000000e-01 1.00000000e-01 5.16982468e-02 5.16982468e-02 -2.68578247e+00 -2.68578247e+00 2.39292919e+00 1  
0.00000e+00 0.00000e+00 -5.00000e-02 -5.00000e-02 6.95048e-02 6.95048e-02 -1.03702e-03 -1.03702e-03 -8.69601073e+01 -6.01160113e+01 1.20232562e+00 2.69898951e-04 1.92718409e-04 1.92718409e-04 1.00000000e-01 1.00000000e-01 5.15844006e-02 5.15844006e-02 -2.68578158e+00 -2.68578158e+00 2.41315345e+00 1  
0.00000e+00 0.00000e+00 -5.00000e-02 -5.00000e-02 7.18205e-02 7.18205e-02 -1.16337e-03 -1.16337e-03 -8.69592009e+01 -6.01160031e+01 1.20232574e+00 2.83789918e-04 1.90749182e-04 1.90749182e-04 1.00000000e-01 1.00000000e-01 5.14862336e-02 5.14862336e-02 -2.68578082e+00 -2.68578082e+00 2.43337771e+00 1  
0.00000e+00 0.00000e+00 -5.00000e-02 -5.00000e-02 7.38372e-02 7.38372e-02 -1.27625e-03 -1.27625e-03 -8.69583950e+01 -6.01159969e+01 1.20232582e+00 2.94042863e-04 1.89352709e-04 1.89352709e-04 1.00000000e-01 1.00000000e-01 5.14159743e-02 5.14159743e-02 -2.68578028e+00 -2.68578028e+00 2.45056833e+00 1  
0.00000e+00 0.00000e+00 -5.00000e-02 -5.00000e-02 7.55851e-02 7.55851e-02 -1.37610e-03 -1.37610e-03 -8.69576846e+01 -6.01159923e+01 1.20232588e+00 3.01490417e-04 1.88371075e-04 1.88371075e-04 1.00000000e-01 1.00000000e-01 5.13662614e-02 5.13662614e-02 -2.68577990e+00 -2.68577990e+00 2.46518036e+00 1  
0.00000e+00 0.00000e+00 -5.00000e-02 -5.00000e-02 7.70940e-02 7.70940e-02 -1.46374e-03 -1.46374e-03 -8.69570629e+01 -6.01159890e+01 1.20232592e+00 3.06818468e-04 1.87687564e-04 1.87687564e-04 1.00000000e-01 1.00000000e-01 5.13314862e-02 5.13314862e-02 -2.68577964e+00 -2.68577964e+00 2.47760058e+00 1  
0.00000e+00 0.00000e+00 -5.00000e-02 -5.00000e-02 7.83925e-02 7.83925e-02 -1.54020e-03 -1.54020e-03 -8.69565218e+01 -6.01159866e+01 1.20232594e+00 3.10572395e-04 1.87216735e-04 1.87216735e-04 1.00000000e-01 1.00000000e-01 5.13074546e-02 5.13074546e-02 -2.68577946e+00 -2.68577946e+00 2.48815777e+00 1  
0.00000e+00 0.00000e+00 -5.00000e-02 -5.00000e-02 7.96354e-02 7.96354e-02 -1.61423e-03 -1.61423e-03 -8.69559989e+01 -6.01159847e+01 1.20232596e+00 3.13435566e-04 1.86864737e-04 1.86864737e-04 1.00000000e-01 1.00000000e-01 5.12894470e-02 5.12894470e-02 -2.68577932e+00 -2.68577932e+00 2.49815777e+00 1  
0.00000e+00 0.00000e+00 -5.00000e-02 -5.00000e-02 8.08902e-02 8.08902e-02 -1.68979e-03 -1.68979e-03 -8.69554661e+01 -6.01159833e+01 1.20232598e+00 3.15594549e-04 1.86604520e-04 1.86604520e-04 1.00000000e-01 1.00000000e-01 5.12761120e-02 5.12761120e-02 -2.68577922e+00 -2.68577922e+00 2.50815777e+00 1  
0.00000e+00 0.00000e+00 -5.00000e-02 -5.00000e-02 8.21561e-02 8.21561e-02 -1.76682e-03 -1.76682e-03 -8.69549237e+01 -6.01159824e+01 1.20232599e+00 3.17021626e-04 1.86436232e-04 1.86436232e-04 1.00000000e-01 1.00000000e-01 5.12674775e-02 5.12674775e-02 -2.68577916e+00 -2.68577916e+00 2.51815777e+00 1  
0.00000e+00 0.00000e+00 -5.00000e-02 -5.00000e-02 8.34325e-02 8.34325e-02 -1.84528e-03 -1.84528e-03 -8.69543723e+01 -6.01159819e+01 1.20232599e+00 3.17691615e-04 1.86359797e-04 1.86359797e-04 1.00000000e-01 1.00000000e-01 5.12635532e-02 5.12635532e-02 -2.68577913e+00 -2.68577913e+00 2.52815777e+00 1  
0.00000e+00 0.00000e+00 -5.00000e-02 -5.00000e-02 8.47186e-02 8.47186e-02 -1.92510e-03 -1.92510e-03 -8.69538120e+01 -6.01159820e+01 1.20232599e+00 3.17581797e-04 1.86374952e-04 1.86374952e-04 1.00000000e-01 1.00000000e-01 5.12643314e-02 5.12643314e-02 -2.68577913e+00 -2.68577913e+00 2.53815777e+00 2  
0.00000e+00 0.00000e+00 -5.00000e-02 -5.00000e-02 8.60135e-02 8.60135e-02 -2.00623e-03 -2.00623e-03 -8.69532433e+01 -6.01159826e+01 1.20232599e+00 3.16672507e-04 1.86481200e-04 1.86481200e-04 1.00000000e-01 1.00000000e-01 5.12697855e-02 5.12697855e-02 -2.68577918e+00 -2.68577918e+00 2.54815777e+00 2  
0.00000e+00 0.00000e+00 -5.00000e-02 -5.00000e-02 8.73819e-02 8.73819e-02 -2.09275e-03 -2.09275e-03 -8.69526376e+01 -6.01159838e+01 1.20232597e+00 3.14838643e-04 1.86690086e-04 1.86690086e-04 1.00000000e-01 1.00000000e-01 5.12804990e-02 5.12804990e-02 -2.68577926e+00 -2.68577926e+00 2.55865777e+00 2  
0.00000e+00 0.00000e+00 -5.00000e-02 -5.00000e-02 8.88273e-02 8.88273e-02 -2.18499e-03 -2.18499e-03 -8.69519927e+01 -6.01159858e+01 1.20232595e+00 3.11926969e-04 1.87015611e-04 1.87015611e-04 1.00000000e-01 1.00000000e-01 5.12971698e-02 5.12971698e-02 -2.68577938e+00 -2.68577938e+00 2.56968277e+00 2  
0.00000e+00 0.00000e+00 -5.00000e-02 -5.00000e-02 9.03534e-02 9.03534e-02 -2.28328e-03 -2.28328e-03 -8.69513063e+01 -6.01159886e+01 1.20232593e+00 3.07766946e-04 1.87473018e-04 1.87473018e-04 1.00000000e-01 1.00000000e-01 5.13205434e-02 5.13205434e-02 -2.68577956e+00 -2.68577956e+00 2.58125902e+00 2  
0.00000e+00 0.00000e+00 -5.00000e-02 -5.00000e-02 9.19636e-02 9.19636e-02 -2.38795e-03 -2.38795e-03 -8.69505762e+01 -6.01159925e+01 1.20232589e+00 3.02171113e-04 1.88078719e-04 1.88078719e-04 1.00000000e-01 1.00000000e-01 5.13514033e-02 5.13514033e-02 -2.68577979e+00 -2.68577979e+00 2.59341408e+00 2  
0.00000e+00 0.00000e+00 -5.00000e-02 -5.00000e-02 9.36617e-02 9.36617e-02 -2.49935e-03 -2.49935e-03 -8.69497999e+01 -6.01159975e+01 1.20232585e+00 2.94934279e-04 1.88850354e-04 1.88850354e-04 1.00000000e-01 1.00000000e-01 5.13905673e-02 5.13905673e-02 -2.68578009e+00 -2.68578009e+00 2.60617690e+00 2  
0.00000e+00 0.00000e+00 -5.00000e-02 -5.00000e-02 9.54513e-02 9.54513e-02 -2.61781e-03 -2.61781e-03 -8.69489752e+01 -6.01160038e+01 1.20232579e+00 2.85833497e-04 1.89806795e-04 1.89806795e-04 1.00000000e-01 1.00000000e-01 5.14388796e-02 5.14388796e-02 -2.68578046e+00 -2.68578046e+00 2.61957785e+00 2  
0.00000e+00 0.00000e+00 -5.00000e-02 -5.00000e-02 9.73358e-02 9.73358e-02 -2.74370e-03 -2.74370e-03 -8.69480997e+01 -6.01160117e+01 1.20232573e+00 2.74628253e-04 1.90968159e-04 1.90968159e-04 1.00000000e-01 1.00000000e-01 5.14972020e-02 5.14972020e-02 -2.68578090e+00 -2.68578090e+00 2.63364886e+00 2  
0.00000e+00 0.00000e+00 -5.00000e-02 -5.00000e-02 9.93191e-02 9.93191e-02 -2.87734e-03 -2.87734e-03 -8.69471709e+01 -6.01160212e+01 1.20232565e+00 2.61060895e-04 1.92355818e-04 1.92355818e-04 1.00000000e-01 1.00000000e-01 5.15664043e-02 5.15664043e-02 -2.68578144e+00 -2.68578144e+00 2.64842341e+00 2  
0.00000e+00 0.00000e+00 -5.00000e-02 -5.00000e-02 1.01405e-01 1.01405e-01 -3.01910e-03 -3.01910e-03 -8.69461864e+01 -6.01160327e+01 1.20232555e+00 2.44857085e-04 1.93992444e-04 1.93992444e-04 1.00000000e-01 1.00000000e-01 5.16473544e-02 5.16473544e-02 -2.68578207e+00 -2.68578207e+00 2.66393669e+00 2  
0.00000e+00 0.00000e+00 -5.00000e-02 -5.00000e-02 1.03596e-01 1.03596e-01 -3.16931e-03 -3.16931e-03 -8.69451437e+01 -6.01160463e+01 1.20232544e+00 2.25726651e-04 1.95902054e-04 1.95902054e-04 1.00000000e-01 1.00000000e-01 5.17409081e-02 5.17409081e-02 -2.68578280e+00 -2.68578280e+00 2.68022564e+00 2  
0.00000e+00 0.00000e+00 -5.00000e-02 -5.00000e-02 1.05898e-01 1.05898e-01 -3.32834e-03 -3.32834e-03 -8.69440404e+01 -6.01160623e+01 1.20232531e+00 2.03364339e-04 1.98110094e-04 1.98110094e-04 1.00000000e-01 1.00000000e-01 5.18478992e-02 5.18478992e-02 -2.68578365e+00 -2.68578365e+00 2.69732903e+00 2  
0.00000e+00 0.00000e+00 -5.00000e-02 -5.00000e-02 1.08313e-01 1.08313e-01 -3.49653e-03 -3.49653e-03 -8.69428738e+01 -6.01160808e+01 1.20232517e+00 1.77450649e-04 2.00643556e-04 2.00643556e-04 1.00000000e-01 1.00000000e-01 5.19691305e-02 5.19691305e-02 -2.68578463e+00 -2.68578463e+00 2.71528760e+00 2  
0.00000e+00 0.00000e+00 -5.00000e-02 -5.00000e-02 1.10846e-01 1.10846e-01 -3.67427e-03 -3.67427e-03 -8.69416411e+01 -6.01161023e+01 1.20232500e+00 1.47652635e-04 2.03531131e-04 2.03531131e-04 1.00000000e-01 1.00000000e-01 5.21053653e-02 5.21053653e-02 -2.68578574e+00 -2.68578574e+00 2.73414409e+00 2  
0.00000e+00 0.00000e+00 -5.00000e-02 -5.00000e-02 1.13502e-01 1.13502e-01 -3.86192e-03 -3.86192e-03 -8.69403396e+01 -6.01161269e+01 1.20232481e+00 1.13624626e-04 2.06803407e-04 2.06803407e-04 1.00000000e-01 1.00000000e-01 5.22573210e-02 5.22573210e-02 -2.68578699e+00 -2.68578699e+00 2.75394340e+00 2  
0.00000e+00 0.00000e+00 -5.00000e-02 -5.00000e-02 1.16285e-01 1.16285e-01 -4.05991e-03 -4.05991e-03 -8.69389662e+01 -6.01161548e+01 1.20232460e+00 7.50088573e-05 2.10493108e-04 2.10493108e-04 1.00000000e-01 1.00000000e-01 5.24256622e-02 5.24256622e-02 -2.68578841e+00 -2.68578841e+00 2.77473269e+00 2  
0.00000e+00 0.00000e+00 -5.00000e-02 -5.00000e-02 1.19201e-01 1.19201e-01 -4.26865e-03 -4.26865e-03 -8.69375177e+01 -6.01161864e+01 1.20232436e+00 3.14360197e-05 2.14635370e-04 2.14635370e-04 1.00000000e-01 1.00000000e-01 5.26109964e-02 5.26109964e-02 -2.68579000e+00 -2.68579000e+00 2.79656143e+00 2  
0.00000e+00 0.00000e+00 -5.00000e-02 -5.00000e-02 1.22256e-01 1.22256e-01 -4.48860e-03 -4.48860e-03 -8.69359906e+01 -6.01162220e+01 1.20232409e+00 -1.74742374e-05 2.19268061e-04 2.19268061e-04 1.00000000e-01 1.00000000e-01 5.28138689e-02 5.28138689e-02 -2.68579178e+00 -2.68579178e+00 2.81948161e+00 2  
0.00000e+00 0.00000e+00 -5.00000e-02 -5.00000e-02 1.25365e-01 1.25365e-01 -4.71363e-03 -4.71363e-03 -8.69344270e+01 -6.01162606e+01 1.20232380e+00 -7.05064992e-05 2.24280389e-04 2.24280389e-04 1.00000000e-01 1.00000000e-01 5.30283454e-02 5.30283454e-02 -2.68579370e+00 -2.68579370e+00 2.84286020e+00 2  
0.00000e+00 0.00000e+00 -5.00000e-02 -5.00000e-02 1.28531e-01 1.28531e-01 -4.94376e-03 -4.94376e-03 -8.69328266e+01 -6.01163022e+01 1.20232349e+00 -1.27675210e-04 2.29680188e-04 2.29680188e-04 1.00000000e-01 1.00000000e-01 5.32538203e-02 5.32538203e-02 -2.68579576e+00 -2.68579576e+00 2.86670636e+00 2  
0.00000e+00 0.00000e+00 -5.00000e-02 -5.00000e-02 1.31753e-01 1.31753e-01 -5.17903e-03 -5.17903e-03 -8.69311887e+01 -6.01163468e+01 1.20232316e+00 -1.88989845e-04 2.35476165e-04 2.35476165e-04 1.00000000e-01 1.00000000e-01 5.34896957e-02 5.34896957e-02 -2.68579798e+00 -2.68579798e+00 2.89102944e+00 2  
0.00000e+00 0.00000e+00 -5.00000e-02 -5.00000e-02 1.35036e-01 1.35036e-01 -5.41953e-03 -5.41953e-03 -8.69295124e+01 -6.01163945e+01 1.20232280e+00 -2.54455542e-04 2.41677895e-04 2.41677895e-04 1.00000000e-01 1.00000000e-01 5.37353831e-02 5.37353831e-02 -2.68580035e+00 -2.68580035e+00 2.91583899e+00 2  
0.00000e+00 0.00000e+00 -5.00000e-02 -5.00000e-02 1.38382e-01 1.38382e-01 -5.66534e-03 -5.66534e-03 -8.69277967e+01 -6.01164451e+01 1.20232242e+00 -3.24073431e-04 2.48295784e-04 2.48295784e-04 1.00000000e-01 1.00000000e-01 5.39903038e-02 5.39903038e-02 -2.68580288e+00 -2.68580288e+00 2.94114472e+00 2  
0.00000e+00 0.00000e+00 -5.00000e-02 -5.00000e-02 1.41793e-01 1.41793e-01 -5.91659e-03 -5.91659e-03 -8.69260405e+01 -6.01164986e+01 1.20232202e+00 -3.97840698e-04 2.55341014e-04 2.55341014e-04 1.00000000e-01 1.00000000e-01 5.42538889e-02 5.42538889e-02 -2.68580556e+00 -2.68580556e+00 2.96695657e+00 2  
0.00000e+00 0.00000e+00 -5.00000e-02 -5.00000e-02 1.45273e-01 1.45273e-01 -6.17340e-03 -6.17340e-03 -8.69242425e+01 -6.01165550e+01 1.20232159e+00 -4.75750410e-04 2.62825460e-04 2.62825460e-04 1.00000000e-01 1.00000000e-01 5.45255777e-02 5.45255777e-02 -2.68580841e+00 -2.68580841e+00 2.99328465e+00 2  
0.00000e+00 0.00000e+00 -5.00000e-02 -5.00000e-02 1.48825e-01 1.48825e-01 -6.43595e-03 -6.43595e-03 -8.69224012e+01 -6.01166144e+01 1.20232113e+00 -5.57791158e-04 2.70761593e-04 2.70761593e-04 1.00000000e-01 1.00000000e-01 5.48048164e-02 5.48048164e-02 -2.68581143e+00 -2.68581143e+00 3.02013930e+00 2  
0.00000e+00 0.00000e+00 -5.00000e-02 -5.00000e-02 1.52453e-01 1.52453e-01 -6.70440e-03 -6.70440e-03 -8.69205151e+01 -6.01166765e+01 1.20232065e+00 -6.43946526e-04 2.79162358e-04 2.79162358e-04 1.00000000e-01 1.00000000e-01 5.50910556e-02 5.50910556e-02 -2.68581462e+00 -2.68581462e+00 3.04753104e+00 2  
0.00000e+00 0.00000e+00 -5.00000e-02 -5.00000e-02 1.56161e-01 1.56161e-01 -6.97895e-03 -6.97895e-03 -8.69185823e+01 -6.01167413e+01 1.20232014e+00 -7.34194428e-04 2.88041034e-04 2.88041034e-04 1.00000000e-01 1.00000000e-01 5.53837485e-02 5.53837485e-02 -2.68581799e+00 -2.68581799e+00 3.07547062e+00 2  
0.00000e+00 0.00000e+00 -5.00000e-02 -5.00000e-02 1.59954e-01 1.59954e-01 -7.25980e-03 -7.25980e-03 -8.69166012e+01 -6.01168089e+01 1.20231961e+00 -8.28506311e-04 2.97411069e-04 2.97411069e-04 1.00000000e-01 1.00000000e-01 5.56823487e-02 5.56823487e-02 -2.68582154e+00 -2.68582154e+00 3.10396899e+00 2  
0.00000e+00 0.00000e+00 -5.00000e-02 -5.00000e-02 1.63758e-01 1.63758e-01 -7.54154e-03 -7.54154e-03 -8.69146096e+01 -6.01168777e+01 1.20231906e+00 -9.24898341e-04 3.07089229e-04 3.07089229e-04 1.00000000e-01 1.00000000e-01 5.59803570e-02 5.59803570e-02 -2.68582520e+00 -2.68582520e+00 3.13246735e+00 2  
0.00000e+00 0.00000e+00 -5.00000e-02 -5.00000e-02 1.67578e-01 1.67578e-01 -7.82422e-03 -7.82422e-03 -8.69126071e+01 -6.01169476e+01 1.20231849e+00 -1.02317707e-03 3.17066633e-04 3.17066633e-04 1.00000000e-01 1.00000000e-01 5.62771914e-02 5.62771914e-02 -2.68582896e+00 -2.68582896e+00 3.16096572e+00 2  
0.00000e+00 0.00000e+00 -5.00000e-02 -5.00000e-02 1.71414e-01 1.71414e-01 -8.10792e-03 -8.10792e-03 -8.69105929e+01 -6.01170184e+01 1.20231790e+00 -1.12315699e-03 3.27334183e-04 3.27334183e-04 1.00000000e-01 1.00000000e-01 5.65723294e-02 5.65723294e-02 -2.68583283e+00 -2.68583283e+00 3.18946409e+00 2  
0.00000e+00 0.00000e+00 -5.00000e-02 -5.00000e-02 1.75269e-01 1.75269e-01 -8.39270e-03 -8.39270e-03 -8.69085667e+01 -6.01170900e+01 1.20231731e+00 -1.22465965e-03 3.37882449e-04 3.37882449e-04 1.00000000e-01 1.00000000e-01 5.68653003e-02 5.68653003e-02 -2.68583680e+00 -2.68583680e+00 3.21796245e+00 2  
0.00000e+00 0.00000e+00 -5.00000e-02 -5.00000e-02 1.79145e-01 1.79145e-01 -8.67863e-03 -8.67863e-03 -8.69065278e+01 -6.01171622e+01 1.20231669e+00 -1.32751293e-03 3.48701566e-04 3.48701566e-04 1.00000000e-01 1.00000000e-01 5.71556794e-02 5.71556794e-02 -2.68584086e+00 -2.68584086e+00 3.24646082e+00 2  
0.00000e+00 0.00000e+00 -5.00000e-02 -5.00000e-02 1.83043e-01 1.83043e-01 -8.96577e-03 -8.96577e-03 -8.69044757e+01 -6.01172348e+01 1.20231607e+00 -1.43155036e-03 3.59781157e-04 3.59781157e-04 1.00000000e-01 1.00000000e-01 5.74430828e-02 5.74430828e-02 -2.68584502e+00 -2.68584502e+00 3.27495919e+00 2  
0.00000e+00 0.00000e+00 -5.00000e-02 -5.00000e-02 1.86966e-01 1.86966e-01 -9.25419e-03 -9.25419e-03 -8.69024100e+01 -6.01173079e+01 1.20231543e+00 -1.53661063e-03 3.71110268e-04 3.71110268e-04 1.00000000e-01 1.00000000e-01 5.77271630e-02 5.77271630e-02 -2.68584926e+00 -2.68584926e+00 3.30345755e+00 2  
0.00000e+00 0.00000e+00 -5.00000e-02 -5.00000e-02 1.90914e-01 1.90914e-01 -9.54395e-03 -9.54395e-03 -8.69003301e+01 -6.01173812e+01 1.20231477e+00 -1.64253712e-03 3.82677312e-04 3.82677312e-04 1.00000000e-01 1.00000000e-01 5.80076052e-02 5.80076052e-02 -2.68585357e+00 -2.68585357e+00 3.33195592e+00 2  
0.00000e+00 0.00000e+00 -5.00000e-02 -5.00000e-02 1.94891e-01 1.94891e-01 -9.83511e-03 -9.83511e-03 -8.68982357e+01 -6.01174546e+01 1.20231411e+00 -1.74917753e-03 3.94470029e-04 3.94470029e-04 1.00000000e-01 1.00000000e-01 5.82841243e-02 5.82841243e-02 -2.68585797e+00 -2.68585797e+00 3.36045429e+00 2  
0.00000e+00 0.00000e+00 -5.00000e-02 -5.00000e-02 1.98896e-01 1.98896e-01 -1.01277e-02 -1.01277e-02 -8.68961263e+01 -6.01175281e+01 1.20231343e+00 -1.85638359e-03 4.06475467e-04 4.06475467e-04 1.00000000e-01 1.00000000e-01 5.85564621e-02 5.85564621e-02 -2.68586244e+00 -2.68586244e+00 3.38895265e+00 2  
0.00000e+00 0.00000e+00 -5.00000e-02 -5.00000e-02 2.02932e-01 2.02932e-01 -1.04218e-02 -1.04218e-02 -8.68940015e+01 -6.01176015e+01 1.20231275e+00 -1.96401085e-03 4.18679957e-04 4.18679957e-04 1.00000000e-01 1.00000000e-01 5.88243852e-02 5.88243852e-02 -2.68586697e+00 -2.68586697e+00 3.41745102e+00 2  
0.00000e+00 0.00000e+00 -5.00000e-02 -5.00000e-02 2.06999e-01 2.06999e-01 -1.07175e-02 -1.07175e-02 -8.68918611e+01 -6.01176747e+01 1.20231205e+00 -2.07191848e-03 4.31069116e-04 4.31069116e-04 1.00000000e-01 1.00000000e-01 5.90876831e-02 5.90876831e-02 -2.68587155e+00 -2.68587155e+00 3.44594939e+00 2  
0.00000e+00 0.00000e+00 -5.00000e-02 -5.00000e-02 2.11100e-01 2.11100e-01 -1.10148e-02 -1.10148e-02 -8.68897047e+01 -6.01177476e+01 1.20231135e+00 -2.17996915e-03 4.43627851e-04 4.43627851e-04 1.00000000e-01 1.00000000e-01 5.93461663e-02 5.93461663e-02 -2.68587620e+00 -2.68587620e+00 3.47444775e+00 2  
0.00000e+00 0.00000e+00 -5.00000e-02 -5.00000e-02 2.15234e-01 2.15234e-01 -1.13137e-02 -1.13137e-02 -8.68875320e+01 -6.01178202e+01 1.20231064e+00 -2.28802900e-03 4.56340379e-04 4.56340379e-04 1.00000000e-01 1.00000000e-01 5.95996652e-02 5.95996652e-02 -2.68588089e+00 -2.68588089e+00 3.50294612e+00 2  
0.00000e+00 0.00000e+00 -5.00000e-02 -5.00000e-02 2.19404e-01 2.19404e-01 -1.16143e-02 -1.16143e-02 -8.68853427e+01 -6.01178923e+01 1.20230993e+00 -2.39596755e-03 4.69190252e-04 4.69190252e-04 1.00000000e-01 1.00000000e-01 5.98480286e-02 5.98480286e-02 -2.68588562e+00 -2.68588562e+00 3.53144449e+00 2  
0.00000e+00 0.00000e+00 -5.00000e-02 -5.00000e-02 2.23611e-01 2.23611e-01 -1.19166e-02 -1.19166e-02 -8.68831368e+01 -6.01179639e+01 1.20230921e+00 -2.50365771e-03 4.82160394e-04 4.82160394e-04 1.00000000e-01 1.00000000e-01 6.00911229e-02 6.00911229e-02 -2.68589038e+00 -2.68589038e+00 3.55994286e+00 2  
0.00000e+00 0.00000e+00 -5.00000e-02 -5.00000e-02 2.27854e-01 2.27854e-01 -1.22207e-02 -1.22207e-02 -8.68809139e+01 -6.01180349e+01 1.20230848e+00 -2.61097586e-03 4.95233155e-04 4.95233155e-04 1.00000000e-01 1.00000000e-01 6.03288311e-02 6.03288311e-02 -2.68589517e+00 -2.68589517e+00 3.58844122e+00 2  
0.00000e+00 0.00000e+00 -5.00000e-02 -5.00000e-02 2.32136e-01 2.32136e-01 -1.25266e-02 -1.25266e-02 -8.68786740e+01 -6.01181053e+01 1.20230775e+00 -2.71780187e-03 5.08390361e-04 5.08390361e-04 1.00000000e-01 1.00000000e-01 6.05610520e-02 6.05610520e-02 -2.68589998e+00 -2.68589998e+00 3.61693959e+00 2  
0.00000e+00 0.00000e+00 -5.00000e-02 -5.00000e-02 2.36456e-01 2.36456e-01 -1.28343e-02 -1.28343e-02 -8.68764170e+01 -6.01181750e+01 1.20230702e+00 -2.82401919e-03 5.21613383e-04 5.21613383e-04 1.00000000e-01 1.00000000e-01 6.07876995e-02 6.07876995e-02 -2.68590480e+00 -2.68590480e+00 3.64543796e+00 2  
0.00000e+00 0.00000e+00 -5.00000e-02 -5.00000e-02 2.40816e-01 2.40816e-01 -1.31439e-02 -1.31439e-02 -8.68741427e+01 -6.01182438e+01 1.20230629e+00 -2.92951499e-03 5.34883208e-04 5.34883208e-04 1.00000000e-01 1.00000000e-01 6.10087019e-02 6.10087019e-02 -2.68590963e+00 -2.68590963e+00 3.67393632e+00 2  
0.00000e+00 0.00000e+00 -5.00000e-02 -5.00000e-02 2.45216e-01 2.45216e-01 -1.34553e-02 -1.34553e-02 -8.68718511e+01 -6.01183119e+01 1.20230555e+00 -3.03418024e-03 5.48180526e-04 5.48180526e-04 1.00000000e-01 1.00000000e-01 6.12240016e-02 6.12240016e-02 -2.68591446e+00 -2.68591446e+00 3.70243469e+00 2  
0.00000e+00 0.00000e+00 -5.00000e-02 -5.00000e-02 2.49657e-01 2.49657e-01 -1.37685e-02 -1.37685e-02 -8.68695423e+01 -6.01183790e+01 1.20230482e+00 -3.13790991e-03 5.61485811e-04 5.61485811e-04 1.00000000e-01 1.00000000e-01 6.14335541e-02 6.14335541e-02 -2.68591928e+00 -2.68591928e+00 3.73093306e+00 2  
0.00000e+00 0.00000e+00 -5.00000e-02 -5.00000e-02 2.54139e-01 2.54139e-01 -1.40837e-02 -1.40837e-02 -8.68672163e+01 -6.01184452e+01 1.20230409e+00 -3.24060307e-03 5.74779421e-04 5.74779421e-04 1.00000000e-01 1.00000000e-01 6.16373283e-02 6.16373283e-02 -2.68592409e+00 -2.68592409e+00 3.75943142e+00 2  
0.00000e+00 0.00000e+00 -5.00000e-02 -5.00000e-02 2.58662e-01 2.58662e-01 -1.44008e-02 -1.44008e-02 -8.68648731e+01 -6.01185105e+01 1.20230337e+00 -3.34216308e-03 5.88041693e-04 5.88041693e-04 1.00000000e-01 1.00000000e-01 6.18353050e-02 6.18353050e-02 -2.68592887e+00 -2.68592887e+00 3.78792979e+00 2  
0.00000e+00 0.00000e+00 -5.00000e-02 -5.00000e-02 2.63226e-01 2.63226e-01 -1.47197e-02 -1.47197e-02 -8.68625128e+01 -6.01185747e+01 1.20230264e+00 -3.44249775e-03 6.01253044e-04 6.01253044e-04 1.00000000e-01 1.00000000e-01 6.20274776e-02 6.20274776e-02 -2.68593363e+00 -2.68593363e+00 3.81642816e+00 2  
0.00000e+00 0.00000e+00 -5.00000e-02 -5.00000e-02 2.67833e-01 2.67833e-01 -1.50406e-02 -1.50406e-02 -8.68601355e+01 -6.01186379e+01 1.20230193e+00 -3.54151949e-03 6.14394080e-04 6.14394080e-04 1.00000000e-01 1.00000000e-01 6.22138509e-02 6.22138509e-02 -2.68593835e+00 -2.68593835e+00 3.84492652e+00 2  
0.00000e+00 0.00000e+00 -5.00000e-02 -5.00000e-02 2.72481e-01 2.72481e-01 -1.53633e-02 -1.53633e-02 -8.68577415e+01 -6.01186999e+01 1.20230122e+00 -3.63914550e-03 6.27445697e-04 6.27445697e-04 1.00000000e-01 1.00000000e-01 6.23944408e-02 6.23944408e-02 -2.68594302e+00 -2.68594302e+00 3.87342489e+00 2  
0.00000e+00 0.00000e+00 -5.00000e-02 -5.00000e-02 2.77171e-01 2.77171e-01 -1.56879e-02 -1.56879e-02 -8.68553309e+01 -6.01187609e+01 1.20230051e+00 -3.73529786e-03 6.40389187e-04 6.40389187e-04 1.00000000e-01 1.00000000e-01 6.25692742e-02 6.25692742e-02 -2.68594765e+00 -2.68594765e+00 3.90192326e+00 2  
0.00000e+00 0.00000e+00 -5.00000e-02 -5.00000e-02 2.81904e-01 2.81904e-01 -1.60145e-02 -1.60145e-02 -8.68529038e+01 -6.01188208e+01 1.20229982e+00 -3.82990374e-03 6.53206343e-04 6.53206343e-04 1.00000000e-01 1.00000000e-01 6.27383881e-02 6.27383881e-02 -2.68595222e+00 -2.68595222e+00 3.93042163e+00 2  
0.00000e+00 0.00000e+00 -5.00000e-02 -5.00000e-02 2.86677e-01 2.86677e-01 -1.63428e-02 -1.63428e-02 -8.68504606e+01 -6.01188794e+01 1.20229913e+00 -3.92289549e-03 6.65879556e-04 6.65879556e-04 1.00000000e-01 1.00000000e-01 6.29018295e-02 6.29018295e-02 -2.68595673e+00 -2.68595673e+00 3.95891999e+00 2  
0.00000e+00 0.00000e+00 -5.00000e-02 -5.00000e-02 2.91492e-01 2.91492e-01 -1.66731e-02 -1.66731e-02 -8.68480016e+01 -6.01189369e+01 1.20229845e+00 -4.01421075e-03 6.78391912e-04 6.78391912e-04 1.00000000e-01 1.00000000e-01 6.30596550e-02 6.30596550e-02 -2.68596117e+00 -2.68596117e+00 3.98741836e+00 2  
0.00000e+00 0.00000e+00 -5.00000e-02 -5.00000e-02 2.96349e-01 2.96349e-01 -1.70051e-02 -1.70051e-02 -8.68455269e+01 -6.01189932e+01 1.20229779e+00 -4.10379254e-03 6.90727278e-04 6.90727278e-04 1.00000000e-01 1.00000000e-01 6.32119297e-02 6.32119297e-02 -2.68596554e+00 -2.68596554e+00 4.01591673e+00 2  
0.00000e+00 0.00000e+00 -5.00000e-02 -5.00000e-02 3.01246e-01 3.01246e-01 -1.73390e-02 -1.73390e-02 -8.68430368e+01 -6.01190483e+01 1.20229713e+00 -4.19158931e-03 7.02870384e-04 7.02870384e-04 1.00000000e-01 1.00000000e-01 6.33587274e-02 6.33587274e-02 -2.68596983e+00 -2.68596983e+00 4.04441509e+00 2  
0.00000e+00 0.00000e+00 -5.00000e-02 -5.00000e-02 3.18759e-01 3.18759e-01 -1.85254e-02 -1.85254e-02 -8.68341762e+01 -6.01192321e+01 1.20229494e+00 -4.48514097e-03 7.43790526e-04 7.43790526e-04 1.00000000e-01 1.00000000e-01 6.38320972e-02 6.38320972e-02 -2.68598423e+00 -2.68598423e+00 4.14441509e+00 2  
0.00000e+00 0.00000e+00 -5.00000e-02 -5.00000e-02 3.36746e-01 3.36746e-01 -1.97326e-02 -1.97326e-02 -8.68251453e+01 -6.01194007e+01 1.20229292e+00 -4.75472430e-03 7.81659078e-04 7.81659078e-04 1.00000000e-01 1.00000000e-01 6.42432138e-02 6.42432138e-02 -2.68599746e+00 -2.68599746e+00 4.24441509e+00 2  
0.00000e+00 0.00000e+00 -5.00000e-02 -5.00000e-02 3.55175e-01 3.55175e-01 -2.09592e-02 -2.09592e-02 -8.68159601e+01 -6.01195543e+01 1.20229109e+00 -4.99967258e-03 8.16129032e-04 8.16129032e-04 1.00000000e-01 1.00000000e-01 6.45970521e-02 6.45970521e-02 -2.68600943e+00 -2.68600943e+00 4.34441509e+00 2  
0.00000e+00 0.00000e+00 -5.00000e-02 -5.00000e-02 3.74012e-01 3.74012e-01 -2.22035e-02 -2.22035e-02 -8.68066366e+01 -6.01196931e+01 1.20228946e+00 -5.22004362e-03 8.47025752e-04 8.47025752e-04 1.00000000e-01 1.00000000e-01 6.48990782e-02 6.48990782e-02 -2.68602010e+00 -2.68602010e+00 4.44441509e+00 2  
0.00000e+00 0.00000e+00 -5.00000e-02 -5.00000e-02 3.93218e-01 3.93218e-01 -2.34640e-02 -2.34640e-02 -8.67971898e+01 -6.01198178e+01 1.20228803e+00 -5.41651168e-03 8.74332175e-04 8.74332175e-04 1.00000000e-01 1.00000000e-01 6.51549606e-02 6.51549606e-02 -2.68602947e+00 -2.68602947e+00 4.54441509e+00 2  
0.00000e+00 0.00000e+00 -5.00000e-02 -5.00000e-02 4.12758e-01 4.12758e-01 -2.47392e-02 -2.47392e-02 -8.67876335e+01 -6.01199292e+01 1.20228678e+00 -5.59022900e-03 8.98160773e-04 8.98160773e-04 1.00000000e-01 1.00000000e-01 6.53703102e-02 6.53703102e-02 -2.68603762e+00 -2.68603762e+00 4.64441509e+00 2  
0.00000e+00 0.00000e+00 -5.00000e-02 -5.00000e-02 4.32595e-01 4.32595e-01 -2.60277e-02 -2.60277e-02 -8.67779800e+01 -6.01200280e+01 1.20228571e+00 -5.74268891e-03 9.18720599e-04 9.18720599e-04 1.00000000e-01 1.00000000e-01 6.55504847e-02 6.55504847e-02 -2.68604462e+00 -2.68604462e+00 4.74441509e+00 2  
0.00000e+00 0.00000e+00 -5.00000e-02 -5.00000e-02 4.52697e-01 4.52697e-01 -2.73282e-02 -2.73282e-02 -8.67682399e+01 -6.01201153e+01 1.20228479e+00 -5.87559836e-03 9.36284161e-04 9.36284161e-04 1.00000000e-01 1.00000000e-01 6.57004537e-02 6.57004537e-02 -2.68605057e+00 -2.68605057e+00 4.84441509e+00 2  
0.00000e+00 0.00000e+00 -5.00000e-02 -5.00000e-02 4.73032e-01 4.73032e-01 -2.86396e-02 -2.86396e-02 -8.67584227e+01 -6.01201918e+01 1.20228402e+00 -5.99076911e-03 9.51158053e-04 9.51158053e-04 1.00000000e-01 1.00000000e-01 6.58247193e-02 6.58247193e-02 -2.68605561e+00 -2.68605561e+00 4.94441509e+00 2  
0.00000e+00 0.00000e+00 -5.00000e-02 -5.00000e-02 4.93574e-01 4.93574e-01 -2.99607e-02 -2.99607e-02 -8.67485367e+01 -6.01202587e+01 1.20228337e+00 -6.09003144e-03 9.63659358e-04 9.63659358e-04 1.00000000e-01 1.00000000e-01 6.59272825e-02 6.59272825e-02 -2.68605982e+00 -2.68605982e+00 5.04441509e+00 2  
0.00000e+00 0.00000e+00 -5.00000e-02 -5.00000e-02 5.14296e-01 5.14296e-01 -3.12907e-02 -3.12907e-02 -8.67385893e+01 -6.01203169e+01 1.20228283e+00 -6.17516936e-03 9.74098200e-04 9.74098200e-04 1.00000000e-01 1.00000000e-01 6.60116436e-02 6.60116436e-02 -2.68606334e+00 -2.68606334e+00 5.14441509e+00 2  
0.00000e+00 0.00000e+00 -5.00000e-02 -5.00000e-02 5.35177e-01 5.35177e-01 -3.26284e-02 -3.26284e-02 -8.67285871e+01 -6.01203672e+01 1.20228239e+00 -6.24787539e-03 9.82766038e-04 9.82766038e-04 1.00000000e-01 1.00000000e-01 6.60808255e-02 6.60808255e-02 -2.68606625e+00 -2.68606625e+00 5.24441509e+00 2  
0.00000e+00 0.00000e+00 -5.00000e-02 -5.00000e-02 5.56196e-01 5.56196e-01 -3.39733e-02 -3.39733e-02 -8.67185361e+01 -6.01204106e+01 1.20228202e+00 -6.30972301e-03 9.89928869e-04 9.89928869e-04 1.00000000e-01 1.00000000e-01 6.61374124e-02 6.61374124e-02 -2.68606866e+00 -2.68606866e+00 5.34441509e+00 2  
0.00000e+00 0.00000e+00 -5.00000e-02 -5.00000e-02 5.77336e-01 5.77336e-01 -3.53244e-02 -3.53244e-02 -8.67084416e+01 -6.01204479e+01 1.20228171e+00 -6.36214802e-03 9.95823622e-04 9.95823622e-04 1.00000000e-01 1.00000000e-01 6.61835915e-02 6.61835915e-02 -2.68607063e+00 -2.68607063e+00 5.44441509e+00 2  
0.00000e+00 0.00000e+00 -5.00000e-02 -5.00000e-02 5.98581e-01 5.98581e-01 -3.66810e-02 -3.66810e-02 -8.66983088e+01 -6.01204797e+01 1.20228147e+00 -6.40644553e-03 1.00065785e-03 1.00065785e-03 1.00000000e-01 1.00000000e-01 6.62212031e-02 6.62212031e-02 -2.68607225e+00 -2.68607225e+00 5.54441509e+00 2  
0.00000e+00 0.00000e+00 -5.00000e-02 -5.00000e-02 6.19915e-01 6.19915e-01 -3.80425e-02 -3.80425e-02 -8.66881419e+01 -6.01205069e+01 1.20228126e+00 -6.44376895e-03 1.00461059e-03 1.00461059e-03 1.00000000e-01 1.00000000e-01 6.62517843e-02 6.62517843e-02 -2.68607357e+00 -2.68607357e+00 5.64441509e+00 2  
0.00000e+00 0.00000e+00 -5.00000e-02 -5.00000e-02 6.41329e-01 6.41329e-01 -3.94084e-02 -3.94084e-02 -8.66779453e+01 -6.01205300e+01 1.20228110e+00 -6.47513464e-03 1.00783435e-03 1.00783435e-03 1.00000000e-01 1.00000000e-01 6.62766119e-02 6.62766119e-02 -2.68607465e+00 -2.68607465e+00 5.74441509e+00 2  
0.00000e+00 0.00000e+00 -5.00000e-02 -5.00000e-02 6.62809e-01 6.62809e-01 -4.07779e-02 -4.07779e-02 -8.66677226e+01 -6.01205496e+01 1.20228096e+00 -6.50143260e-03 1.01045796e-03 1.01045796e-03 1.00000000e-01 1.00000000e-01 6.62967426e-02 6.62967426e-02 -2.68607553e+00 -2.68607553e+00 5.84441509e+00 2  
0.00000e+00 0.00000e+00 -5.00000e-02 -5.00000e-02 6.84347e-01 6.84347e-01 -4.21508e-02 -4.21508e-02 -8.66574771e+01 -6.01205661e+01 1.20228085e+00 -6.52343476e-03 1.01258924e-03 1.01258924e-03 1.00000000e-01 1.00000000e-01 6.63130465e-02 6.63130465e-02 -2.68607624e+00 -2.68607624e+00 5.94441509e+00 2  
0.00000e+00 0.00000e+00 -5.00000e-02 -5.00000e-02 7.05934e-01 7.05934e-01 -4.35265e-02 -4.35265e-02 -8.66472119e+01 -6.01205800e+01 1.20228076e+00 -6.54180814e-03 1.01431797e-03 1.01431797e-03 1.00000000e-01 1.00000000e-01 6.63262386e-02 6.63262386e-02 -2.68607682e+00 -2.68607682e+00 6.04441509e+00 2  
0.00000e+00 0.00000e+00 -5.00000e-02 -5.00000e-02 7.27563e-01 7.27563e-01 -4.49046e-02 -4.49046e-02 -8.66369296e+01 -6.01205917e+01 1.20228069e+00 -6.55712515e-03 1.01571840e-03 1.01571840e-03 1.00000000e-01 1.00000000e-01 6.63369044e-02 6.63369044e-02 -2.68607729e+00 -2.68607729e+00 6.14441509e+00 2  
0.00000e+00 0.00000e+00 -5.00000e-02 -5.00000e-02 7.49227e-01 7.49227e-01 -4.62849e-02 -4.62849e-02 -8.66266327e+01 -6.01206016e+01 1.20228063e+00 -6.56987321e-03 1.01685156e-03 1.01685156e-03 1.00000000e-01 1.00000000e-01 6.63455208e-02 6.63455208e-02 -2.68607766e+00 -2.68607766e+00 6.24441509e+00 2  
0.00000e+00 0.00000e+00 -5.00000e-02 -5.00000e-02 7.70922e-01 7.70922e-01 -4.76669e-02 -4.76669e-02 -8.66163232e+01 -6.01206098e+01 1.20228059e+00 -6.58046907e-03 1.01776771e-03 1.01776771e-03 1.00000000e-01 1.00000000e-01 6.63524781e-02 6.63524781e-02 -2.68607797e+00 -2.68607797e+00 6.34441509e+00 2  
0.00000e+00 0.00000e+00 -5.00000e-02 -5.00000e-02 7.92643e-01 7.92643e-01 -4.90505e-02 -4.90505e-02 -8.66060029e+01 -6.01206167e+01 1.20228055e+00 -6.58926451e-03 1.01850782e-03 1.01850782e-03 1.00000000e-01 1.00000000e-01 6.63580927e-02 6.63580927e-02 -2.68607822e+00 -2.68607822e+00 6.44441509e+00 2  
0.00000e+00 0.00000e+00 -5.00000e-02 -5.00000e-02 8.14385e-01 8.14385e-01 -5.04354e-02 -5.04354e-02 -8.65956734e+01 -6.01206225e+01 1.20228052e+00 -6.59655654e-03 1.01910532e-03 1.01910532e-03 1.00000000e-01 1.00000000e-01 6.63626215e-02 6.63626215e-02 -2.68607842e+00 -2.68607842e+00 6.54441509e+00 2  
0.00000e+00 0.00000e+00 -5.00000e-02 -5.00000e-02 8.36145e-01 8.36145e-01 -5.18215e-02 -5.18215e-02 -8.65853361e+01 -6.01206273e+01 1.20228049e+00 -6.60259612e-03 1.01958747e-03 1.01958747e-03 1.00000000e-01 1.00000000e-01 6.63662736e-02 6.63662736e-02 -2.68607858e+00 -2.68607858e+00 6.64441509e+00 2  
0.00000e+00 0.00000e+00 -5.00000e-02 -5.00000e-02 8.57920e-01 8.57920e-01 -5.32084e-02 -5.32084e-02 -8.65749922e+01 -6.01206313e+01 1.20228047e+00 -6.60759300e-03 1.01997633e-03 1.01997633e-03 1.00000000e-01 1.00000000e-01 6.63692175e-02 6.63692175e-02 -2.68607871e+00 -2.68607871e+00 6.74441509e+00 2  
0.00000e+00 0.00000e+00 -5.00000e-02 -5.00000e-02 8.79708e-01 8.79708e-01 -5.45962e-02 -5.45962e-02 -8.65646426e+01 -6.01206346e+01 1.20228046e+00 -6.61172344e-03 1.02028983e-03 1.02028983e-03 1.00000000e-01 1.00000000e-01 6.63715898e-02 6.63715898e-02 -2.68607881e+00 -2.68607881e+00 6.84441509e+00 2  
0.00000e+00 0.00000e+00 -5.00000e-02 -5.00000e-02 9.01507e-01 9.01507e-01 -5.59846e-02 -5.59846e-02 -8.65542884e+01 -6.01206374e+01 1.20228044e+00 -6.61513492e-03 1.02054252e-03 1.02054252e-03 1.00000000e-01 1.00000000e-01 6.63735012e-02 6.63735012e-02 -2.68607890e+00 -2.68607890e+00 6.94441509e+00 2  
0.00000e+00 0.00000e+00 -5.00000e-02 -5.00000e-02 9.23315e-01 9.23315e-01 -5.73736e-02 -5.73736e-02 -8.65439302e+01 -6.01206397e+01 1.20228043e+00 -6.61795081e-03 1.02074616e-03 1.02074616e-03 1.00000000e-01 1.00000000e-01 6.63750412e-02 6.63750412e-02 -2.68607896e+00 -2.68607896e+00 7.04441509e+00 2  
0.00000e+00 0.00000e+00 -5.00000e-02 -5.00000e-02 9.45131e-01 9.45131e-01 -5.87631e-02 -5.87631e-02 -8.65335687e+01 -6.01206416e+01 1.20228043e+00 -6.62027260e-03 1.02091018e-03 1.02091018e-03 1.00000000e-01 1.00000000e-01 6.63762813e-02 6.63762813e-02 -2.68607902e+00 -2.68607902e+00 7.14441509e+00 2  
0.00000e+00 0.00000e+00 -5.00000e-02 -5.00000e-02 9.66952e-01 9.66952e-01 -6.01529e-02 -6.01529e-02 -8.65232044e+01 -6.01206432e+01 1.20228042e+00 -6.62218636e-03 1.02104232e-03 1.02104232e-03 1.00000000e-01 1.00000000e-01 6.63772801e-02 6.63772801e-02 -2.68607906e+00 -2.68607906e+00 7.24441509e+00 2  
0.00000e+00 0.00000e+00 -5.00000e-02 -5.00000e-02 9.88779e-01 9.88779e-01 -6.15431e-02 -6.15431e-02 -8.65128377e+01 -6.01206445e+01 1.20228041e+00 -6.62376286e-03 1.02114875e-03 1.02114875e-03 1.00000000e-01 1.00000000e-01 6.63780845e-02 6.63780845e-02 -2.68607910e+00 -2.68607910e+00 7.34441509e+00 2  
0.00000e+00 0.00000e+00 -5.00000e-02 -5.00000e-02 1.01061e+00 1.01061e+00 -6.29336e-02 -6.29336e-02 -8.65024690e+01 -6.01206455e+01 1.20228041e+00 -6.62506019e-03 1.02123443e-03 1.02123443e-03 1.00000000e-01 1.00000000e-01 6.63787320e-02 6.63787320e-02 -2.68607913e+00 -2.68607913e+00 7.44441509e+00 2  
0.00000e+00 0.00000e+00 -5.00000e-02 -5.00000e-02 1.03244e+00 1.03244e+00 -6.43243e-02 -6.43243e-02 -8.64920987e+01 -6.01206464e+01 1.20228041e+00 -6.62612753e-03 1.02130342e-03 1.02130342e-03 1.00000000e-01 1.00000000e-01 6.63792533e-02 6.63792533e-02 -2.68607915e+00 -2.68607915e+00 7.54441509e+00 2  
0.00000e+00 0.00000e+00 -5.00000e-02 -5.00000e-02 1.05428e+00 1.05428e+00 -6.57152e-02 -6.57152e-02 -8.64817271e+01 -6.01206472e+01 1.20228040e+00 -6.62700552e-03 1.02135899e-03 1.02135899e-03 1.00000000e-01 1.00000000e-01 6.63796732e-02 6.63796732e-02 -2.68607917e+00 -2.68607917e+00 7.64441509e+00 2  
0.00000e+00 0.00000e+00 -5.00000e-02 -5.00000e-02 1.07612e+00 1.07612e+00 -6.71063e-02 -6.71063e-02 -8.64713543e+01 -6.01206478e+01 1.20228040e+00 -6.62772699e-03 1.02140372e-03 1.02140372e-03 1.00000000e-01 1.00000000e-01 6.63800111e-02 6.63800111e-02 -2.68607918e+00 -2.68607918e+00 7.74441509e+00 2  
0.00000e+00 0.00000e+00 -5.00000e-02 -5.00000e-02 1.09796e+00 1.09796e+00 -6.84975e-02 -6.84975e-02 -8.64609806e+01 -6.01206483e+01 1.20228040e+00 -6.62831967e-03 1.02143972e-03 1.02143972e-03 1.00000000e-01 1.00000000e-01 6.63802831e-02 6.63802831e-02 -2.68607919e+00 -2.68607919e+00 7.84441509e+00 2  
0.00000e+00 0.00000e+00 -5.00000e-02 -5.00000e-02 1.11981e+00 1.11981e+00 -6.98888e-02 -6.98888e-02 -8.64506060e+01 -6.01206487e+01 1.20228040e+00 -6.62880644e-03 1.02146871e-03 1.02146871e-03 1.00000000e-01 1.00000000e-01 6.63805021e-02 6.63805021e-02 -2.68607920e+00 -2.68607920e+00 7.94441509e+00 2  
0.00000e+00 0.00000e+00 -5.00000e-02 -5.00000e-02 1.14165e+00 1.14165e+00 -7.12802e-02 -7.12802e-02 -8.64402309e+01 -6.01206490e+01 1.20228040e+00 -6.62920573e-03 1.02149204e-03 1.02149204e-03 1.00000000e-01 1.00000000e-01 6.63806783e-02 6.63806783e-02 -2.68607921e+00 -2.68607921e+00 8.04441509e+00 2  
0.00000e+00 0.00000e+00 -5.00000e-02 -5.00000e-02 1.16350e+00 1.16350e+00 -7.26717e-02 -7.26717e-02 -8.64298551e+01 -6.01206493e+01 1.20228040e+00 -6.62953372e-03 1.02151083e-03 1.02151083e-03 1.00000000e-01 1.00000000e-01 6.63808203e-02 6.63808203e-02 -2.68607922e+00 -2.68607922e+00 8.14441509e+00 2  
0.00000e+00 0.00000e+00 -5.00000e-02 -5.00000e-02 1.18535e+00 1.18535e+00 -7.40632e-02 -7.40632e-02 -8.64194790e+01 -6.01206495e+01 1.20228039e+00 -6.62980266e-03 1.02152595e-03 1.02152595e-03 1.00000000e-01 1.00000000e-01 6.63809345e-02 6.63809345e-02 -2.68607922e+00 -2.68607922e+00 8.24441509e+00 2  
0.00000e+00 0.00000e+00 -5.00000e-02 -5.00000e-02 1.20719e+00 1.20719e+00 -7.54548e-02 -7.54548e-02 -8.64091024e+01 -6.01206497e+01 1.20228039e+00 -6.63002374e-03 1.02153816e-03 1.02153816e-03 1.00000000e-01 1.00000000e-01 6.63810267e-02 6.63810267e-02 -2.68607923e+00 -2.68607923e+00 8.34441509e+00 2  
0.00000e+00 0.00000e+00 -5.00000e-02 -5.00000e-02 1.22904e+00 1.22904e+00 -7.68465e-02 -7.68465e-02 -8.63987255e+01 -6.01206499e+01 1.20228039e+00 -6.63020444e-03 1.02154796e-03 1.02154796e-03 1.00000000e-01 1.00000000e-01 6.63811007e-02 6.63811007e-02 -2.68607923e+00 -2.68607923e+00 8.44441509e+00 2  
0.00000e+00 0.00000e+00 -5.00000e-02 -5.00000e-02 1.25089e+00 1.25089e+00 -7.82382e-02 -7.82382e-02 -8.63883484e+01 -6.01206500e+01 1.20228039e+00 -6.63035329e-03 1.02155589e-03 1.02155589e-03 1.00000000e-01 1.00000000e-01 6.63811606e-02 6.63811606e-02 -2.68607923e+00 -2.68607923e+00 8.54441509e+00 2  
0.00000e+00 0.00000e+00 -5.00000e-02 -5.00000e-02 1.27274e+00 1.27274e+00 -7.96299e-02 -7.96299e-02 -8.63779711e+01 -6.01206501e+01 1.20228039e+00 -6.63047506e-03 1.02156226e-03 1.02156226e-03 1.00000000e-01 1.00000000e-01 6.63812088e-02 6.63812088e-02 -2.68607924e+00 -2.68607924e+00 8.64441509e+00 2  
0.00000e+00 0.00000e+00 -5.00000e-02 -5.00000e-02 1.29459e+00 1.29459e+00 -8.10217e-02 -8.10217e-02 -8.63675935e+01 -6.01206502e+01 1.20228039e+00 -6.63057539e-03 1.02156742e-03 1.02156742e-03 1.00000000e-01 1.00000000e-01 6.63812477e-02 6.63812477e-02 -2.68607924e+00 -2.68607924e+00 8.74441509e+00 2  
0.00000e+00 0.00000e+00 -5.00000e-02 -5.00000e-02 1.31644e+00 1.31644e+00 -8.24135e-02 -8.24135e-02 -8.63572159e+01 -6.01206503e+01 1.20228039e+00 -6.63065814e-03 1.02157161e-03 1.02157161e-03 1.00000000e-01 1.00000000e-01 6.63812794e-02 6.63812794e-02 -2.68607924e+00 -2.68607924e+00 8.84441509e+00 2  
0.00000e+00 0.00000e+00 -5.00000e-02 -5.00000e-02 1.33828e+00 1.33828e+00 -8.38053e-02 -8.38053e-02 -8.63468380e+01 -6.01206503e+01 1.20228039e+00 -6.63072628e-03 1.02157500e-03 1.02157500e-03 1.00000000e-01 1.00000000e-01 6.63813050e-02 6.63813050e-02 -2.68607924e+00 -2.68607924e+00 8.94441509e+00 2  
0.00000e+00 0.00000e+00 -5.00000e-02 -5.00000e-02 1.36013e+00 1.36013e+00 -8.51972e-02 -8.51972e-02 -8.63364601e+01 -6.01206504e+01 1.20228039e+00 -6.63078300e-03 1.02157778e-03 1.02157778e-03 1.00000000e-01 1.00000000e-01 6.63813259e-02 6.63813259e-02 -2.68607924e+00 -2.68607924e+00 9.04441509e+00 2  
0.00000e+00 0.00000e+00 -5.00000e-02 -5.00000e-02 1.38198e+00 1.38198e+00 -8.65891e-02 -8.65891e-02 -8.63260821e+01 -6.01206504e+01 1.20228039e+00 -6.63083049e-03 1.02158006e-03 1.02158006e-03 1.00000000e-01 1.00000000e-01 6.63813432e-02 6.63813432e-02 -2.68607924e+00 -2.68607924e+00 9.14441509e+00 2  
0.00000e+00 0.00000e+00 -5.00000e-02 -5.00000e-02 1.40383e+00 1.40383e+00 -8.79810e-02 -8.79810e-02 -8.63157039e+01 -6.01206505e+01 1.20228039e+00 -6.63087088e-03 1.02158198e-03 1.02158198e-03 1.00000000e-01 1.00000000e-01 6.63813577e-02 6.63813577e-02 -2.68607924e+00 -2.68607924e+00 9.24441509e+00 2  
0.00000e+00 0.00000e+00 -5.00000e-02 -5.00000e-02 1.42568e+00 1.42568e+00 -8.93729e-02 -8.93729e-02 -8.63053257e+01 -6.01206505e+01 1.20228039e+00 -6.63090565e-03 1.02158360e-03 1.02158360e-03 1.00000000e-01 1.00000000e-01 6.63813699e-02 6.63813699e-02 -2.68607924e+00 -2.68607924e+00 9.34441509e+00 2  
0.00000e+00 0.00000e+00 -5.00000e-02 -5.00000e-02 1.44752e+00 1.44752e+00 -9.07648e-02 -9.07648e-02 -8.62949474e+01 -6.01206505e+01 1.20228039e+00 -6.63093729e-03 1.02158506e-03 1.02158506e-03 1.00000000e-01 1.00000000e-01 6.63813809e-02 6.63813809e-02 -2.68607924e+00 -2.68607924e+00 9.44441509e+00 2  
0.00000e+00 0.00000e+00 -5.00000e-02 -5.00000e-02 1.46937e+00 1.46937e+00 -9.21568e-02 -9.21568e-02 -8.62845690e+01 -6.01206505e+01 1.20228039e+00 -6.63096554e-03 1.02158633e-03 1.02158633e-03 1.00000000e-01 1.00000000e-01 6.63813906e-02 6.63813906e-02 -2.68607924e+00 -2.68607924e+00 9.54441509e+00 2  
0.00000e+00 0.00000e+00 -5.00000e-02 -5.00000e-02 1.49122e+00 1.49122e+00 -9.35488e-02 -9.35488e-02 -8.62741905e+01 -6.01206506e+01 1.20228039e+00 -6.63099320e-03 1.02158757e-03 1.02158757e-03 1.00000000e-01 1.00000000e-01 6.63813999e-02 6.63813999e-02 -2.68607924e+00 -2.68607924e+00 9.64441509e+00 2  
0.00000e+00 0.00000e+00 -5.00000e-02 -5.00000e-02 1.51306e+00 1.51306e+00 -9.49409e-02 -9.49409e-02 -8.62638119e+01 -6.01206506e+01 1.20228039e+00 -6.63102132e-03 1.02158880e-03 1.02158880e-03 1.00000000e-01 1.00000000e-01 6.63814092e-02 6.63814092e-02 -2.68607924e+00 -2.68607924e+00 9.74441509e+00 2  
